$ANSIBLE_VAULT;1.1;AES256
62313863623566626366323233396231643364323666333664636362353537303336393930343635
6639626666363839306135313236663163313039323031640a633663363238326234616366626433
34366535386333623638636335626432386236346530633763653939373634343730623663306632
3061326161363030650a643833343730363161386636303364396638616365623338333861326633
30353232643564326565303130386563313364656135386435643033303564383366333130643137
38323137313131336337323863303135376638653364393133666636333335373263323764626161
33663263306437663863363063623733376534383734313530353265333264626636313264316433
39343134613664396165376232643839313964336632346534306435363164386262616634306233
34656563326361333061303864663939656562333038323064303538313662616638316239306338
62303435373061353366353131363465636537633635323766643462396465313633316130666530
34333533636165306433643662383666656231613938353834363166333065306663303164326139
61363533393333366336316131386565353863613736333539663130633363386532383337643161
3631
